0.1	3.12603485274	72.9443395356	8.36676455515	2.66781593478	4440.51402624	62.7744997736
0.101	3.12560941591	72.9371049441	8.36627028192	2.66778272819	4440.51399544	62.7744877931
0.102	3.1249747119	72.9320908771	8.36592752074	2.66770469115	4440.51391379	62.7744560248
0.103	3.12453901128	72.9305155896	8.36581980105	2.667621491	4440.51361862	62.7743411194
0.104	3.1239914244	72.9239035854	8.36536749256	2.66754337116	4440.51317551	62.7741684317
0.105	3.12441885547	72.9504741573	8.36718341623	2.66757022881	4440.51323355	62.7741910633
0.106	3.12408681815	72.9475986135	8.36698710903	2.6675331502	4440.51320718	62.7741807834
0.107	3.12351876333	72.9418400841	8.36659382831	2.66747508783	4440.513261	62.7742017671
0.108	3.12271909602	72.9284698922	8.36567989059	2.66735208939	4440.51289468	62.7740588666
0.109	3.12246699039	72.9268247676	8.36556735688	2.6673142267	4440.51276077	62.7740065872
0.11	3.12195694641	72.9237993011	8.36536035653	2.66724599416	4440.51271471	62.7739886027
0.111	3.12102383412	72.9115904219	8.36452443688	2.66708042354	4440.50826152	62.772237518
0.112	3.12065067572	72.9088375549	8.36433582079	2.6670471447	4440.50825037	62.7722331014
0.113	3.11965817113	72.8988595638	8.36365175737	2.66687185746	4440.5074226	62.7719049106
0.114	3.11919268387	72.8949401037	8.36338287439	2.66683140841	4440.50735797	62.7718792508
0.115	3.11840415023	72.8894877417	8.3630086661	2.66673858897	4440.507236	62.7718308122
0.116	3.11828832526	72.8864930904	8.3628030544	2.66669179813	4440.50681079	62.7716617914
0.117	3.11772839661	72.8805375861	8.36239397892	2.6665422887	4440.50539282	62.7710965116
0.118	3.11727332572	72.8754463965	8.36204408964	2.66649388776	4440.5053548	62.7710813166
0.119	3.11691280562	72.87296055	8.36187319	2.66644329765	4440.5052898	62.7710553401
0.12	3.11688543561	72.8730601326	8.36188003698	2.66644286362	4440.50528112	62.7710518709
0.121	3.11671806073	72.8740393273	8.36194735987	2.66643298364	4440.5055155	62.7711455195
0.122	3.11628945873	72.8706082835	8.36171143687	2.66636502797	4440.50539772	62.7710984681
0.123	3.11583522505	72.8669656199	8.3614608788	2.66629452521	4440.50528823	62.7710547141
0.124	3.11515973259	72.8578278262	8.36083196161	2.66628644747	4440.50592464	62.7713088233
0.125	3.11463199732	72.8555864037	8.36067761039	2.66619599812	4440.50577954	62.7712509296
0.126	3.11449758336	72.8549698183	8.36063514468	2.66618198726	4440.50578162	62.7712517598
0.127	3.11410822593	72.8521067928	8.3604379287	2.66614289967	4440.5057481	62.7712383851
0.128	3.11341973546	72.8474137955	8.36011454142	2.66606950658	4440.50566583	62.7712055457
0.129	3.11302240301	72.8415201078	8.35970821206	2.66600243983	4440.50552771	62.7711503925
0.13	3.11238037903	72.8351541358	8.35926906597	2.66593962141	4440.50577318	62.7712483945
0.131	3.1117687043	72.8317473835	8.35903394741	2.66580201874	4440.50542631	62.7711098904
0.132	3.1112416239	72.8266141951	8.35867953388	2.66574500124	4440.50535511	62.7710814434
0.133	3.11111453785	72.8270940287	8.35871267064	2.66566877087	4440.50502476	62.7709493617
0.134	3.11059607739	72.8212059549	8.35830594202	2.66561687904	4440.50496767	62.7709265224
0.135	3.11004065244	72.8168622826	8.35800574894	2.66552553155	4440.50475309	62.7708406401
0.136	3.10938525841	72.8080767612	8.3573981966	2.66542714176	4440.50454466	62.7707571627
0.137	3.10878855992	72.801528682	8.35694503952	2.66534496227	4440.50439283	62.7706963162
0.138	3.10809713624	72.7945159183	8.35645940864	2.6652818492	4440.50433182	62.7706718599
0.139	3.10782737957	72.7920108778	8.35628585644	2.66524131855	4440.50408078	62.7705711722
0.14	3.10767109532	72.7903654614	8.35617183731	2.6652066517	4440.50400146	62.7705393423
0.141	3.10724186328	72.7881036184	8.35601507348	2.66512719604	4440.50386447	62.7704843506
0.142	3.10698799955	72.7851564654	8.35581076105	2.66510216309	4440.50381679	62.7704652053
0.143	3.10627048264	72.7757502051	8.35515828114	2.66501252559	4440.5036362	62.77039266
0.144	3.10598589925	72.7737784873	8.35502143494	2.66498760193	4440.50363161	62.770390815
0.145	3.10569252122	72.771853857	8.35488783174	2.66494874936	4440.5035905	62.770374297
0.146	3.10576957997	72.7775803949	8.3552852814	2.66492852893	4440.50355111	62.7703584674
0.147	3.10517677149	72.7710401901	8.35483134149	2.66484042211	4440.5034014	62.7702982799
0.148	3.10508147733	72.773556548	8.35500602971	2.66481280494	4440.50341209	62.7703025773
0.149	3.10452103972	72.7672715446	8.35456963887	2.66473762553	4440.50327537	62.7702475896
0.15	3.10406882028	72.763383038	8.35429951307	2.66469338509	4440.5032476	62.7702364174
0.151	3.10369430432	72.7621628683	8.35421472974	2.66463351762	4440.50316458	62.7702030117
0.152	3.10379153913	72.7675734202	8.35459060525	2.66461099673	4440.5031452	62.7701952136
0.153	3.10324637876	72.7632765628	8.35429211506	2.66452296784	4440.50300742	62.7701397509
0.154	3.10333206564	72.7672502965	8.35456816308	2.66449866869	4440.50296476	62.7701225715
0.155	3.10292228446	72.7635574478	8.3543116311	2.66439177697	4440.50221308	62.7698195062
0.156	3.10239479248	72.7589081154	8.35398852475	2.66429503871	4440.50198457	62.7697272279
0.157	3.1023038777	72.757797418	8.35391131511	2.66429297134	4440.50198356	62.7697268195
0.158	3.10196329125	72.7559232377	8.35378101351	2.66421436466	4440.50161708	62.7695786836
0.159	3.10210736915	72.7718074362	8.35488460901	2.66420220304	4440.50163547	62.7695861208
0.16	3.10186151653	72.7697897391	8.35474451811	2.66418179279	4440.50162249	62.769580869
0.161	3.1012717187	72.7646097816	8.35438474313	2.66412372111	4440.50169007	62.7696081998
0.162	3.10077149089	72.7598201052	8.35405191512	2.66405442494	4440.50156585	62.7695579587
0.163	3.10098789683	72.7648375399	8.35440056591	2.66408486764	4440.50164443	62.769589742
0.164	3.10120636679	72.780481249	8.3554865312	2.66410429714	4440.50202577	62.7697438698
0.165	3.10095501013	72.7778269927	8.35530239157	2.66406532923	4440.50197738	62.7697243235
0.166	3.10070801536	72.7754118573	8.35513480011	2.66402187798	4440.50180679	62.7696553909
0.167	3.10064591514	72.7754812405	8.3551396153	2.66401045797	4440.50179863	62.7696520892
0.168	3.10028792389	72.7733339923	8.35499058137	2.6639675266	4440.50173871	62.7696278685
0.169	3.10009204991	72.7713970483	8.35485611755	2.66393928921	4440.50167115	62.7696005499
0.17	3.09965677145	72.7645532573	8.35438081624	2.66386575703	4440.50134536	62.769468734
0.171	3.09912499044	72.7581766536	8.35393767844	2.66381549061	4440.5013248	62.7694604081
0.172	3.09829824312	72.7504857319	8.35340283949	2.66370080945	4440.50105858	62.769352582
0.173	3.0985244968	72.7545494198	8.35368548439	2.66371322586	4440.50108343	62.7693626502
0.174	3.0982847473	72.753310692	8.35359933795	2.66368878522	4440.50108475	62.769363186
0.175	3.09814730555	72.7525702136	8.35354783697	2.66366810941	4440.5010328	62.7693421366
0.176	3.09786812059	72.7508887171	8.3534308736	2.66362489327	4440.50097743	62.7693196981
0.177	3.097240821	72.746796022	8.35314610986	2.66352873536	4440.50083626	62.7692624656
0.178	3.09657401597	72.7406562323	8.35271870048	2.66344122962	4440.50069943	62.76920697
0.179	3.09636785569	72.7471862078	8.35317326328	2.66339566051	4440.50073589	62.7692217594
0.18	3.09626057407	72.7486247893	8.35327336676	2.66336927739	4440.50071271	62.7692123566
0.181	3.09611210876	72.7469913878	8.35315970569	2.66335555559	4440.50069822	62.7692064776
0.182	3.09598646751	72.7467765171	8.35314475247	2.66333280669	4440.50066525	62.7691931016
0.183	3.0957057778	72.7397437175	8.35265515584	2.66331014193	4440.50064797	62.7691860912
0.184	3.09565399079	72.7406472891	8.35271807773	2.66329515115	4440.5006252	62.7691768505
0.185	3.09534901078	72.7376088814	8.35250647065	2.66324877812	4440.50052858	62.769137639
0.186	3.09503793284	72.7341985919	8.35226888987	2.6632284511	4440.5005096	62.7691299344
0.187	3.09463666413	72.7361102736	8.35240207852	2.66318683696	4440.50072577	62.7692176548
0.188	3.09453816629	72.740386443	8.3526999138	2.66317174865	4440.50072941	62.7692191306
0.189	3.09437306747	72.7400599899	8.35267718069	2.66313135195	4440.50063918	62.7691825255
0.19	3.09414182447	72.7382465621	8.3525508865	2.66309907063	4440.50057422	62.7691561625
0.191	3.09375262201	72.7352344285	8.35234106064	2.66304533483	4440.50049338	62.769123348
0.192	3.09373482646	72.7362913935	8.35241469603	2.66303646413	4440.50049854	62.7691254425
0.193	3.09411593513	72.7464830704	8.3531243305	2.6630436694	4440.50051055	62.76913032
0.194	3.0939080092	72.7477712979	8.35321397837	2.66299744466	4440.50043987	62.7691016247
0.195	3.09392015639	72.7520639583	8.35351262432	2.66299629315	4440.50045839	62.7691091424
0.196	3.09392023482	72.7544578483	8.35367911647	2.66298402429	4440.50046243	62.769110784
0.197	3.09380103115	72.757150019	8.35386630764	2.66297141161	4440.50047802	62.7691171132
0.198	3.09394289914	72.7595178981	8.35403090999	2.66294654928	4440.50036893	62.7690728189
0.199	3.09376227403	72.7580302965	8.35392750424	2.66291475448	4440.50033907	62.7690606901
0.2	3.09384511155	72.7595548224	8.35403347648	2.66286328507	4440.49990578	62.7688845781
0.201	3.09429667974	72.7779714016	8.35531241118	2.66286645384	4440.49992864	62.7688938766
0.202	3.09377706707	72.7716600962	8.35487437996	2.66282020672	4440.49996866	62.7689101518
0.203	3.09364612043	72.769980184	8.35475774207	2.66279830191	4440.49991316	62.7688875803
0.204	3.09360830022	72.7714416685	8.35485921539	2.66277451524	4440.49988037	62.7688742393
0.205	3.09307552309	72.7664626136	8.35451345261	2.66273098769	4440.49985168	62.7688625687
0.206	3.09292933714	72.7668603905	8.35454108171	2.66270024822	4440.49981154	62.7688462393
0.207	3.09230615531	72.7631604319	8.35428404607	2.6626441443	4440.5001283	62.7689750534
0.208	3.09209410673	72.7620735118	8.35420852042	2.66260835073	4440.50006056	62.7689475165
0.209	3.09235319995	72.7717538184	8.35488088662	2.6625882663	4440.50003261	62.7689361533
0.21	3.09212246669	72.7696404985	8.35473415508	2.66255621763	4440.49996736	62.7689096215
0.211	3.09206941924	72.7717786501	8.35488261055	2.66256314744	4440.50008734	62.7689584023
0.212	3.09215190258	72.7755241575	8.35514259372	2.66257255901	4440.50014433	62.7689815668
0.213	3.09199671887	72.7744197422	8.3550659438	2.66254330502	4440.50010691	62.7689663584
0.214	3.09175885921	72.7748415708	8.355095221	2.66252992417	4440.5002357	62.7690186993
0.215	3.09147342882	72.7724742476	8.35493090047	2.66249269336	4440.50016639	62.7689905318
0.216	3.09101320126	72.7684717419	8.3546529934	2.66243704577	4440.50011109	62.7689680572
0.217	3.09117059496	72.7724763532	8.35493104664	2.66243792051	4440.50010308	62.7689648
0.218	3.09096694535	72.7710570154	8.35483250966	2.66239694776	4440.50002485	62.7689329995
0.219	3.09091648966	72.7779995339	8.35531436308	2.6623711581	4440.50000329	62.7689242336
0.22	3.09072269871	72.7770359345	8.35524750263	2.66234410775	4440.49997975	62.7689146614
0.221	3.09082855386	72.7795750285	8.35542366723	2.66232904096	4440.49997106	62.768911125
0.222	3.09063486861	72.7773960624	8.35527249124	2.66228259854	4440.49979328	62.7688388109
0.223	3.09068553686	72.7857989908	8.35585530928	2.66237731431	4440.50793831	62.772109478
0.224	3.09045882047	72.7842866182	8.35575044752	2.66233325068	4440.50788118	62.7720868336
0.225	3.09014726931	72.782438022	8.35562225265	2.66229679389	4440.50783872	62.7720699973
0.226	3.08988373994	72.7798214411	8.35544076127	2.66227793223	4440.507813	62.7720598029
0.227	3.08952293272	72.7761946462	8.35518912379	2.66223901584	4440.50777081	62.7720430733
0.228	3.08921537933	72.774073896	8.3550419393	2.66219124762	4440.50769516	62.7720130672
0.229	3.08898702751	72.7719224712	8.3548925952	2.66215261911	4440.50760729	62.7719782104
0.23	3.08843892877	72.7624778006	8.35423661372	2.66207928712	4440.50758073	62.7719676736
0.231	3.08815364477	72.7612091501	8.35414845379	2.66203664383	4440.50753399	62.7719491254
0.232	3.08819007063	72.7683487476	8.35464445181	2.66205297596	4440.50870105	62.7724114257
0.233	3.08772999433	72.7616548308	8.35417942586	2.66201034789	4440.5085967	62.7723701586
0.234	3.08739935834	72.7581489914	8.35393575548	2.66196382939	4440.50849972	62.7723317968
0.235	3.08734790306	72.7569535828	8.35385265074	2.66197221388	4440.50852292	62.7723409765
0.236	3.08728391218	72.7578214942	8.35391298885	2.6620205498	4440.51686355	62.7755987292
0.237	3.08712704933	72.7580549073	8.3539292151	2.66201602104	4440.51688595	62.7756073673
0.238	3.08682453289	72.7566243158	8.35382975843	2.66195381562	4440.51674948	62.7755547268
0.239	3.08675992533	72.7565704298	8.35382601193	2.66192240099	4440.51669558	62.775533927
0.24	3.0866263008	72.7551836519	8.35372958762	2.66189442316	4440.51664929	62.7755160647
0.241	3.08651213721	72.7537886566	8.35363257888	2.6618837459	4440.51663028	62.7755087297
0.242	3.08627215375	72.7521669417	8.35351978748	2.66185099531	4440.51660539	62.7754991218
0.243	3.08616438435	72.7526025305	8.35355008472	2.66182222095	4440.51653259	62.7754710186
0.244	3.08579842345	72.7500039739	8.35336932403	2.66176089534	4440.51649112	62.7754550109
0.245	3.08556159308	72.7483878362	8.35325687937	2.66172938508	4440.51644408	62.7754368454
0.246	3.08558620735	72.7515543812	8.35347717887	2.66171424039	4440.51643177	62.7754320901
0.247	3.08591586253	72.7574052912	8.35388405461	2.66174534934	4440.51651274	62.7754633546
0.248	3.08613460918	72.759458563	8.3540267858	2.6617478043	4440.51644887	62.7754386946
0.249	3.08640148582	72.7653990533	8.35443957377	2.66175244921	4440.51645048	62.775439318
0.25	3.08613564182	72.7641938622	8.35435584757	2.66171736973	4440.51640524	62.7754218449
0.251	3.08649683284	72.780522658	8.35548940359	2.66174173105	4440.51653478	62.7754718652
0.252	3.08608805511	72.77586446	8.35516621015	2.66171253536	4440.51652457	62.7754679256
0.253	3.08582681592	72.770233758	8.35477534916	2.66168068059	4440.51643599	62.7754337226
0.254	3.08565891762	72.7698226841	8.35474680573	2.66165243521	4440.51640228	62.775420704
0.255	3.0853910389	72.7662117574	8.35449602789	2.66162234632	4440.51637051	62.7754084337
0.256	3.08523177905	72.7651385001	8.35442147362	2.66160245137	4440.51635432	62.7754021789
0.257	3.0846689613	72.7577502727	8.35390803764	2.66152355108	4440.51611024	62.7753078647
0.258	3.08455939259	72.7562677785	8.35380496933	2.66149565962	4440.51602177	62.7752736617
0.259	3.08452546948	72.7556541445	8.35376230297	2.66148591394	4440.51597821	62.7752568195
0.26	3.08484604736	72.7641592873	8.35435344547	2.66149780933	4440.51600061	62.7752654809
0.261	3.0846602549	72.7628692917	8.35426381669	2.66145720459	4440.51590509	62.7752285392
0.262	3.08464679492	72.7633061283	8.35429416931	2.66143839641	4440.51574719	62.7751674536
0.263	3.08456645867	72.7607781383	8.35411849984	2.6614362426	4440.51573218	62.7751616434
0.264	3.08421168777	72.7583623384	8.35395058634	2.66141895967	4440.51585516	62.7752092249
0.265	3.08393202524	72.7571277171	8.35386475714	2.6613810458	4440.51581041	62.7751919134
0.266	3.08463881452	72.7782573616	8.3553322517	2.66138666925	4440.51602412	62.7752745713
0.267	3.08452304124	72.7765761	8.35521559429	2.66138363676	4440.51604529	62.7752827559
0.268	3.08416028897	72.7714434955	8.35485934223	2.66135825156	4440.51602185	62.7752736924
0.269	3.08397584247	72.7707964321	8.3548144173	2.66131466028	4440.51593994	62.7752420183
0.27	3.08372070823	72.7674732351	8.35458364708	2.66127239126	4440.5158664	62.7752135755
0.271	3.08359987947	72.7665495301	8.35451948981	2.66125879148	4440.51585272	62.7752082835
0.272	3.08395155282	72.7822666935	8.35561037035	2.66127463967	4440.51592899	62.7752377844
0.273	3.08414556404	72.7932898546	8.3563744707	2.66128151896	4440.51594302	62.7752432114
0.274	3.08405029049	72.7918245266	8.35627294414	2.6612774386	4440.51593162	62.7752388009
0.275	3.08388236301	72.790790077	8.35620126277	2.66126480877	4440.51593921	62.775241737
0.276	3.08387179978	72.7922402679	8.3563017506	2.66125773629	4440.51592466	62.7752361082
0.277	3.0842185016	72.7997357965	8.35682091404	2.66126959015	4440.51592405	62.7752358747
0.278	3.0838971483	72.7979805486	8.35669937363	2.6612238288	4440.51595289	62.7752470252
0.279	3.08380089729	72.7982446336	8.35671766124	2.66122216417	4440.51601255	62.7752700982
0.28	3.08355325181	72.7949418583	8.35648891412	2.66120069816	4440.51599361	62.7752627724
0.281	3.08363936983	72.7965922341	8.35660322666	2.66120447558	4440.51598073	62.7752577921
0.282	3.08371654414	72.7990418343	8.35677286376	2.66120036906	4440.51597452	62.775255392
0.283	3.08350198795	72.7974811101	8.35666478676	2.66116106045	4440.51590785	62.7752296085
0.284	3.08350015521	72.7979660701	8.35669837099	2.66117082864	4440.51594248	62.7752430013
0.285	3.08395795855	72.8108669285	8.35759120265	2.66118731839	4440.51585019	62.7752073047
0.286	3.08388421288	72.8104302301	8.35756099803	2.66117770131	4440.51584617	62.7752057469
0.287	3.08400512811	72.8116213927	8.35764338284	2.66117244442	4440.51579032	62.7751841423
0.288	3.08387398624	72.8102510169	8.35754860223	2.66116418203	4440.51578552	62.775182284
0.289	3.08418652835	72.8339392924	8.35918523175	2.6611987214	4440.51600072	62.7752655223
0.29	3.08409363055	72.8390385201	8.35953705547	2.66119605619	4440.51611084	62.7753080956
0.291	3.08368769785	72.8362709457	8.35934612651	2.6611370459	4440.51601894	62.7752725669
0.292	3.08365542309	72.8359311703	8.35932268267	2.66113009912	4440.51600741	62.7752681096
0.293	3.08335529589	72.8323880258	8.35907816746	2.66110179119	4440.51598801	62.7752606094
0.294	3.08309527504	72.8305350112	8.35895025657	2.66107028951	4440.51595255	62.7752468946
0.295	3.08293282569	72.8229575313	8.358426959	2.6610359976	4440.5152597	62.7749786713
0.296	3.08251531947	72.8173920925	8.35804237101	2.66099595452	4440.51520772	62.7749585262
0.297	3.08237494189	72.8163346316	8.35796927427	2.66097260254	4440.51517136	62.7749444333
0.298	3.08278358264	72.8242054635	8.35851316669	2.66099941429	4440.51528355	62.774987915
0.299	3.08267543718	72.8243623911	8.35852400659	2.66098808909	4440.51528752	62.7749894497
0.3	3.08266096022	72.8233887111	8.35845674624	2.66098028167	4440.515261	62.7749791755
0.301	3.08266577961	72.8247349125	8.35854973815	2.66099109903	4440.51532991	62.775005875
0.302	3.08256350967	72.8235960841	8.35847107179	2.66097048717	4440.51526117	62.7749792399
0.303	3.08280852455	72.8263518314	8.3586614147	2.66096794648	4440.51524588	62.774973314
0.304	3.08261513217	72.8248548705	8.35855802394	2.66091081508	4440.51503529	62.7748916734
0.305	3.08200210234	72.8181552038	8.35809511631	2.66084442228	4440.51477893	62.7747922196
0.306	3.08158133015	72.8137603463	8.3577912965	2.66079387474	4440.51470414	62.7747631908
0.307	3.08120170625	72.8083659463	8.35741820298	2.66076402627	4440.51470585	62.774763857
0.308	3.08099408342	72.8059016833	8.35724770277	2.66072865023	4440.51458791	62.774718064
0.309	3.08085368897	72.8032811863	8.3570663487	2.66070751287	4440.51453348	62.7746969281
0.31	3.08094635488	72.8057066262	8.35723420521	2.66072484251	4440.51458855	62.774718313
0.311	3.08085837976	72.8078158725	8.35738014734	2.66068247136	4440.51448947	62.7746798351
0.312	3.08074755977	72.8073964061	8.35735112614	2.66065961235	4440.51445197	62.7746652681
0.313	3.08031327122	72.7956098602	8.35653518516	2.66059516967	4440.51424512	62.7745848853
0.314	3.08028640428	72.7954615351	8.35652491126	2.66060376516	4440.51426219	62.7745915211
0.315	3.07971958009	72.7804689579	8.35548567861	2.6605604669	4440.51415863	62.7745512599
0.316	3.07960115403	72.7814112924	8.35555104204	2.66053838136	4440.5141546	62.7745496923
0.317	3.0796651815	72.7832643666	8.3556795601	2.66054529729	4440.51417191	62.7745564227
0.318	3.07942683452	72.7814691981	8.35555505838	2.66049151124	4440.51406783	62.774515949
0.319	3.07895245471	72.7781093969	8.35532198566	2.66042309087	4440.51396356	62.774475391
0.32	3.07876550478	72.7806132338	8.35549568645	2.66040829991	4440.51398739	62.7744846617
0.321	3.0786880618	72.7812089581	8.35553700797	2.66039524484	4440.51399042	62.7744858396
0.322	3.07870546735	72.7808195501	8.35550999753	2.66039595404	4440.51398447	62.7744835261
0.323	3.07857646319	72.7800922976	8.35545955055	2.6603671352	4440.51394234	62.7744671329
0.324	3.07841470661	72.7799271126	8.35544809174	2.66034104726	4440.51392111	62.7744588738
0.325	3.07872296593	72.7950742545	8.35649808516	2.66034613911	4440.51397619	62.7744803047
0.326	3.07857526719	72.7926431214	8.35632966297	2.66033613701	4440.51396409	62.7744755982
0.327	3.07828035238	72.7919392171	8.35628089109	2.66030748378	4440.51394294	62.7744673692
0.328	3.07825208825	72.7916282337	8.35625934272	2.66030343919	4440.51394425	62.7744678791
0.329	3.07793304363	72.7886125026	8.35605034619	2.6602469196	4440.51376582	62.7743984377
0.33	3.07755679044	72.7841212692	8.35573898196	2.66019188454	4440.51351487	62.7743007067
0.331	3.07771112903	72.7937470211	8.35640614297	2.66021830379	4440.51366266	62.7743582728
0.332	3.07750297205	72.7911614893	8.35622700031	2.66019983495	4440.51363092	62.7743459118
0.333	3.07734948783	72.7901668256	8.35615807162	2.66019059919	4440.51365385	62.7743548409
0.334	3.0772801823	72.7894296207	8.35610698018	2.66020666664	4440.51374793	62.774391471
0.335	3.07729262729	72.7901765441	8.35615874513	2.66019352333	4440.513841	62.7744276985
0.336	3.07730910846	72.7919837724	8.35628397831	2.66018494508	4440.51399229	62.7744865672
0.337	3.07719397522	72.7938411014	8.35641266063	2.66015241489	4440.51376855	62.7743995003
0.338	3.07711609078	72.7979075365	8.35669431754	2.66013973935	4440.5139834	62.7744831093
0.339	3.07708722466	72.8005526866	8.35687747182	2.66010899167	4440.51372997	62.7743844796
0.34	3.07705803442	72.8004188243	8.3568682041	2.6600998572	4440.5137183	62.7743799354
0.341	3.07725313343	72.8152700238	8.35789567603	2.66013395055	4440.51410199	62.7745292363
0.342	3.07812600207	72.8315949553	8.35902342573	2.6601791028	4440.51434558	62.7746239319
0.343	3.0781862047	72.8331421035	8.35913021387	2.66016626357	4440.514128	62.7745393513
0.344	3.07826802133	72.8358779041	8.35931900734	2.66016694044	4440.5141418	62.7745447146
0.345	3.07807521702	72.8341787232	8.35920175522	2.66016205702	4440.5143396	62.7746216064
0.346	3.07888428746	72.8522380993	8.36044697477	2.66018690501	4440.51434549	62.7746238964
0.347	3.07881773184	72.8524783735	8.36046352761	2.66015225787	4440.51382385	62.7744210236
0.348	3.07891494334	72.8560174542	8.3607072964	2.66016551836	4440.51388629	62.7744453257
0.349	3.07937223431	72.8752158248	8.36202823974	2.66018633059	4440.51390054	62.7744508701
0.35	3.07966708346	72.8718659211	8.36179792254	2.66025414953	4440.51451622	62.7746902249
0.351	3.07970613648	72.8714972061	8.36177256768	2.66021217332	4440.5139668	62.7744766522
0.352	3.07967253756	72.87168393	8.36178540794	2.66021575819	4440.51398377	62.7744832516
0.353	3.07966763372	72.8737206293	8.36192544901	2.66023134355	4440.51448351	62.7746775201
0.354	3.07955200823	72.8726914089	8.36185468439	2.66021663121	4440.51445734	62.7746673542
0.355	3.07939445603	72.8716132835	8.36178054989	2.66017490718	4440.51394005	62.7744662444
0.356	3.079380589	72.871487838	8.36177192347	2.6601747369	4440.51395925	62.7744737139
0.357	3.07941439064	72.8730359852	8.36187837669	2.66018387574	4440.51399882	62.7744891095
0.358	3.08008043205	72.933010046	8.36599036707	2.66026628216	4440.5150954	62.7749149833
0.359	3.07985265536	72.9324592241	8.36595270637	2.66019677408	4440.51446673	62.7746709994
0.36	3.0800217512	72.9347461347	8.36610905393	2.66020739824	4440.51447399	62.7746738198
0.361	3.07975167373	72.9328533411	8.36597965307	2.66020741039	4440.51495905	62.7748621077
0.362	3.08051952253	72.9468350809	8.36693497546	2.66030869516	4440.51522532	62.7749653479
0.363	3.08004109534	72.9415818803	8.36657618924	2.66023690373	4440.51464606	62.7747406464
0.364	3.07986868671	72.9406615625	8.36651331473	2.66021788337	4440.51463732	62.7747372524
0.365	3.07985720947	72.9406221803	8.36651062408	2.66021177485	4440.5146333	62.7747356885
0.366	3.07999926739	72.9426890247	8.36665182028	2.66025670589	4440.51517968	62.7749476575
0.367	3.07950425353	72.9356999185	8.36617425069	2.660119509	4440.51398835	62.7744850338
0.368	3.07937496451	72.9383291052	8.36635394108	2.66009551653	4440.51397223	62.7744787647
0.369	3.07911681566	72.9331743805	8.36600160254	2.66009695874	4440.51443687	62.7746594008
0.37	3.07917207603	72.9334889681	8.36602311027	2.66010764387	4440.51445505	62.7746664622
0.371	3.07911178433	72.9321736397	8.36593317969	2.66008315496	4440.51395698	62.7744728299
0.372	3.07923041016	72.9323122361	8.36594265621	2.66008890816	4440.51395266	62.7744711502
0.373	3.0791521719	72.9327640149	8.36597354571	2.66009127538	4440.51397955	62.7744816095
0.374	3.07914065328	72.9326125589	8.36596319035	2.66012881451	4440.51457465	62.7747129157
0.375	3.07915158544	72.9325948058	8.36596197653	2.66011228063	4440.51408193	62.7745214361
0.376	3.07906304381	72.9315754086	8.36589227425	2.66010962575	4440.51410586	62.7745307421
0.377	3.07895759803	72.9304839143	8.3658176349	2.66011512621	4440.51457668	62.7747137047
0.378	3.07897936269	72.9309080542	8.36584663964	2.6601152445	4440.51457601	62.774713445
0.379	3.07902768641	72.93652892	8.36623091313	2.66008342362	4440.5144891	62.7746796903
0.38	3.07899427019	72.9372767403	8.36628202305	2.66005603852	4440.51398816	62.7744849622
0.381	3.07884336656	72.9358353208	8.36618350577	2.66002110514	4440.51387671	62.7744415949
0.382	3.07881875258	72.9360196678	8.36619610615	2.66002832387	4440.51426319	62.774591909
0.383	3.0790424229	72.9408716942	8.36652767104	2.66004467827	4440.51391007	62.7744545789
0.384	3.07894213787	72.9404030513	8.36649565272	2.66002684904	4440.51388663	62.7744454566
0.385	3.0789078732	72.9410638291	8.36654079755	2.66004363806	4440.51440477	62.7746469294
0.386	3.07871292592	72.9391458142	8.36640974965	2.6600220693	4440.51439002	62.7746411983
0.387	3.07888260298	72.9612572324	8.36791908553	2.65998614427	4440.5138623	62.7744359888
0.388	3.07900051292	72.9636174425	8.36808001111	2.65998800745	4440.51386652	62.7744376322
0.389	3.07907509148	72.9634502095	8.36806860987	2.65999239501	4440.51385725	62.7744340223
0.39	3.07881079693	72.9596749058	8.36781117839	2.65979288035	4440.50811538	62.7721796409
0.391	3.0787725133	72.9621344822	8.36797890294	2.65976407588	4440.50762174	62.771983945
0.392	3.07861444094	72.9613157057	8.36792307282	2.65974755676	4440.5076083	62.7719786124
0.393	3.07841291734	72.9602887368	8.36785304063	2.6597351972	4440.50805489	62.7721556736
0.394	3.0783448332	72.9588187665	8.36775278714	2.65972469117	4440.50802571	62.7721441132
0.395	3.0785323077	72.9639562211	8.36810310706	2.65973426891	4440.50805805	62.7721569268
0.396	3.07914018231	72.9786017729	8.36910086119	2.69136111834	4479.52602211	64.6252816283
0.397	3.07904357372	72.9783084571	8.36908089183	2.69134511742	4479.52600711	64.6252812495
0.398	3.07918730439	72.9848772596	8.36952797522	2.69137531754	4479.52653131	64.6252944913
0.399	3.07910110385	72.9852692947	8.36955464917	2.69133721816	4479.52601266	64.6252813896
0.4	3.07898163687	72.9850132526	8.36953722825	2.69132137597	4479.52602987	64.6252818245
0.401	3.07889749429	72.9843159305	8.36948978088	2.69133417934	4479.52652272	64.6252942745
0.402	3.07887066152	72.9848022838	8.36952287378	2.69130865545	4479.52601878	64.6252815442
0.403	3.07883223436	72.9849402756	8.36953226287	2.69130529203	4479.52602092	64.6252815984
0.404	3.07912691788	72.9914038974	8.36997191957	2.69133250322	4479.52652632	64.6252943652
0.405	3.0789282427	72.9909884783	8.3699436706	2.69130764897	4479.52650873	64.6252939209
0.406	3.0792427311	72.9969937593	8.3703519311	2.71922063056	4537.93126831	65.7697771859
0.407	3.07902764443	72.9955200892	8.37025176671	2.71918853534	4537.93123066	65.7697765833
0.408	3.07890069411	72.9937926435	8.37013433599	2.7191723151	4537.93119911	65.7697760783
0.409	3.07888872999	72.9940149262	8.37014944768	2.71919687525	4537.9317013	65.7697841164
0.41	3.07894959924	72.9947390596	8.37019867511	2.71918559392	4537.93123595	65.769776668
0.411	3.07905926745	72.995608037	8.37025774485	2.71919992114	4537.93128155	65.7697773979
0.412	3.07893541594	72.9948336791	8.37020510721	2.71917458134	4537.93125021	65.7697768963
0.413	3.07905961938	72.9960812588	8.37028991065	2.71921060294	4537.93131975	65.7697780093
0.414	3.07903891384	72.9963657833	8.37030924965	2.7192066038	4537.93129608	65.7697776305
0.415	3.07893099351	72.9954477927	8.37024685242	2.7188794053	4536.34861525	65.7443416122
0.416	3.07876080376	72.9939716318	8.37014650438	2.71917256858	4537.93125718	65.7697770078
0.417	3.07868772727	72.9933641536	8.3701052046	2.71917621291	4537.93128118	65.769777392
0.418	3.07862755528	72.9928096058	8.37006750131	2.71917104425	4537.93127446	65.7697772844
0.419	3.07845751161	72.9917499736	8.36999545232	2.71883636148	4536.34859532	65.7443412906
0.42	3.07857965891	72.9933486961	8.37010415369	2.71882276325	4536.34809823	65.7443332687
0.421	3.07842960623	72.9919405579	8.3700084115	2.71914393393	4537.93125886	65.7697770346
0.422	3.07847827165	72.9950365692	8.3702188992	2.71913556768	4537.93124102	65.7697767491
0.423	3.07840842343	72.9938414707	8.37013765549	2.71913835784	4537.93167715	65.7697837299
0.424	3.07899951405	73.0070934541	8.37103803406	2.76308722965	4613.48520222	66.8069241607
0.425	3.07901468689	73.010237783	8.37125150742	2.76306534794	4613.48471216	66.8069182719
0.426	3.07926848912	73.0196974206	8.37189336416	2.76308200211	4613.48475839	66.8069188273
0.427	3.07954280236	73.0239971269	8.3721849238	2.76312039421	4613.48527268	66.8069250073
0.428	3.08013987769	73.0363733964	8.37302350612	2.76289354427	4611.90216406	66.7878579963
0.429	3.08014564432	73.0368602351	8.37305647351	2.76288786342	4611.90215952	66.7878579415
0.43	3.08025780841	73.0399157802	8.37326335314	2.76324690202	4613.48539023	66.8069264199
0.431	3.08025355145	73.0481494544	8.37382053643	2.76324257061	4613.48585275	66.8069319777
0.432	3.07974321516	73.0404604014	8.37330022134	2.76318979947	4613.4853366	66.8069257755
0.433	3.07976291093	73.040955694	8.37333374863	2.76319921898	4613.48536788	66.8069261513
0.434	3.07982904614	73.0405323797	8.37330509377	2.7632018392	4613.48535927	66.8069260478
0.435	3.07938562399	73.0327262094	8.37277648168	2.76315807583	4613.48569275	66.806930055
0.436	3.07949724381	73.0367851478	8.3730513889	2.76321371656	4613.48590375	66.8069325906
0.437	3.07928335024	73.0333617538	8.37281953313	2.7628463978	4611.90264077	66.787863751
0.438	3.07948164326	73.035059928	8.37293455426	2.76285585605	4611.90263577	66.7878636907
0.439	3.07957136798	73.0372223307	8.37308099269	2.76322120157	4613.48631053	66.8069374785
0.44	3.07949304172	73.0379399065	8.37312958068	2.76319349035	4613.48624901	66.8069367394
0.441	3.07926109454	73.0356258513	8.37297288153	2.76315201264	4613.48574797	66.8069307186
0.442	3.07917868361	73.0358753956	8.37298978133	2.76314904358	4613.48577593	66.8069310547
0.443	3.0792451163	73.0373466726	8.37308941227	2.7631728387	4613.4862917	66.8069372523
0.444	3.07926842239	73.0390783952	8.37320666267	2.76314365047	4613.48579606	66.8069312965
0.445	3.07914407883	73.0382247403	8.37314886626	2.76313931221	4613.48580643	66.8069314211
0.446	3.07913583942	73.0386776342	8.37317952985	2.76314301685	4613.48582986	66.8069317026
0.447	3.07912555654	73.0390193621	8.373202666	2.76281815374	4611.90307808	66.7878690301
0.448	3.07900844022	73.0398039559	8.37325578295	2.76312021146	4613.48573354	66.8069305453
0.449	3.07896104758	73.0402832977	8.37328823248	2.76312090652	4613.48577827	66.8069310827
0.45	3.0789067124	73.0395639215	8.37323953304	2.76312490963	4613.48579483	66.8069312818
0.451	3.07884086533	73.0394847967	8.37323417635	2.76313457734	4613.48628668	66.806937192
0.452	3.07865604928	73.0359504422	8.37299486362	2.76309484828	4613.48575626	66.8069308182
0.453	3.0785162532	73.0352376655	8.37294659178	2.76305514946	4613.48567658	66.8069298608
0.454	3.07837209132	73.0340215649	8.37286422574	2.76304451385	4613.48566849	66.8069297635
0.455	3.07839197357	73.0336485264	8.37283895813	2.76307021337	4613.48617364	66.8069358337
0.456	3.07848415742	73.0351799856	8.37294268535	2.76275197077	4611.9031683	66.7878701192
0.457	3.07875188555	73.0394826791	8.37323403299	2.78073458435	4636.49294279	67.074774249
0.458	3.0785923044	73.0382605119	8.37315128826	2.78072439891	4636.49294086	67.0747742272
0.459	3.07846153125	73.0382385066	8.37314979834	2.78072614817	4636.49343487	67.0747798044
0.46	3.0784529814	73.0381102687	8.37314111566	2.7806977162	4636.49291529	67.0747739386
0.461	3.07858234766	73.0407654059	8.37332086784	2.78070107284	4636.49291944	67.0747739854
0.462	3.07865805522	73.04161671	8.37337849168	2.78070408292	4636.4929171	67.074773959
0.463	3.07874230724	73.0444026258	8.37356703583	2.78072653975	4636.4934652	67.0747801468
0.464	3.07865538419	73.0417423523	8.37338699589	2.78070140187	4636.49297351	67.0747745959
0.465	3.07828095166	73.0371861895	8.37307854544	2.78032217476	4634.90973831	67.0568641343
0.466	3.07825302729	73.0370495214	8.37306929107	2.78065440944	4636.49296172	67.0747744627
0.467	3.07821672955	73.03689999	8.37305916555	2.78067270482	4636.49344827	67.0747799557
0.468	3.07826165675	73.0379274913	8.37312874006	2.7806485345	4636.49294684	67.0747742948
0.469	3.07828876191	73.0392550282	8.37321862098	2.78064648075	4636.49294618	67.0747742874
0.47	3.07839097898	73.0418146814	8.3733918915	2.7806978898	4636.49363326	67.0747820442
0.471	3.07841249305	73.0415856667	8.37337639047	2.78072965222	4636.49414394	67.0747878097
0.472	3.07826875173	73.0411349808	8.37334588452	2.78070689791	4636.49411448	67.074787477
0.473	3.0781422907	73.0398603763	8.37325960246	2.78067740468	4636.49360752	67.0747817536
0.474	3.07797367031	73.0356567512	8.37297497417	2.78032285888	4634.91041961	67.0568718571
0.475	3.07818284434	73.0405846933	8.37330863503	2.79913072947	4686.20902494	67.6043873305
0.476	3.07813564216	73.0395882541	8.37324118033	2.79910294725	4686.20850439	67.6043820813
0.477	3.07798977149	73.038063063	8.37313791945	2.79909522089	4686.20851155	67.6043821536
0.478	3.07805134254	73.039347029	8.37322484949	2.79910270598	4686.20854839	67.6043825251
0.479	3.07825043248	73.0438504524	8.37352966987	2.79879015064	4684.62588213	67.5883973926
0.48	3.07827805611	73.0452739728	8.37362599665	2.79910271935	4686.20854907	67.6043825319
0.481	3.07830249718	73.0458497476	8.37366495461	2.79910244501	4686.20854921	67.6043825333
0.482	3.07835856282	73.0473871587	8.37376896855	2.81221819722	4711.07224231	67.8490669831
0.483	3.07908297435	73.0662170667	8.37504172529	2.81193072917	4709.48960603	67.8338361276
0.484	3.0792014385	73.0683877671	8.3751883073	2.81226491636	4711.07232481	67.8490677759
0.485	3.07922780242	73.0685879039	8.37520182057	2.81226627605	4711.07233233	67.8490678482
0.486	3.07913049312	73.0672981048	8.37511472874	2.81225303004	4711.07221789	67.8490667484
0.487	3.07916039518	73.0673613504	8.37511899954	2.81228311133	4711.07272825	67.8490716528
0.488	3.07920140901	73.0680378899	8.37516468292	2.81228579634	4711.07273298	67.8490716983
0.489	3.07925667049	73.0689612106	8.37522702567	2.81226230513	4711.0722302	67.8490668668
0.49	3.07928138543	73.0712360608	8.37538060148	2.81224729422	4711.07217907	67.8490663754
0.491	3.07922931807	73.070584297	8.37533660397	2.81225214813	4711.07236816	67.8490681924
0.492	3.0792578921	73.0713420507	8.37538775611	2.81222838032	4711.07186907	67.8490633964
0.493	3.07916625729	73.0702194298	8.37531197236	2.81220557946	4711.07179166	67.8490626525
0.494	3.07933921073	73.0746723379	8.37561252523	2.81221556636	4711.07183869	67.8490631045
0.495	3.0797901198	73.1035757855	8.37756043214	2.81222742016	4711.07186301	67.8490633382
0.496	3.07966053028	73.1036502674	8.37756544515	2.81186996716	4709.48868292	67.8338272308
0.497	3.07969002944	73.1034378138	8.37755114587	2.81220970988	4711.07184427	67.8490631581
0.498	3.07951490482	73.1026963621	8.37750123999	2.81185009854	4709.48907032	67.8338309645
0.499	3.07955474562	73.1027146008	8.37750246765	2.81219580712	4711.07209923	67.8490656081
0.5	3.07954533099	73.102626173	8.37749651551	2.81219560916	4711.07209943	67.84906561
0.501	3.07966982498	73.1059603556	8.37772090885	2.81223882398	4711.07266918	67.8490710851
0.502	3.07977933825	73.1119031397	8.37812069535	2.81220308628	4711.07215565	67.8490661503
0.503	3.0796528442	73.1094993654	8.37795901312	2.81219641434	4711.0721481	67.8490660778
0.504	3.07955460985	73.109177918	8.37793738931	2.81219922328	4711.07258503	67.8490702765
0.505	3.07945104637	73.1080719091	8.37786298316	2.81217443258	4711.07210173	67.8490656321
0.506	3.07942999096	73.1078307512	8.3778467584	2.81217456135	4711.07211544	67.849065764
0.507	3.07928105823	73.1046809956	8.37763481484	2.81216003593	4711.07209515	67.849065569
0.508	3.07929437237	73.1052986696	8.3776763822	2.81215724678	4711.07208365	67.8490654584
0.509	3.07924175328	73.104714636	8.37763707879	2.81215620839	4711.072101	67.8490656251
0.51	3.07901403879	73.1004273015	8.37734849248	2.81214521106	4711.07209664	67.8490655832
0.511	3.07915217204	73.1024747661	8.37748632409	2.81181098175	4709.48893579	67.8338296679
0.512	3.07909448577	73.1019038909	8.37744789637	2.8121423085	4711.0720997	67.8490656127
0.513	3.0790327136	73.1017765986	8.37743932759	2.81212461808	4711.07206188	67.8490652493
0.514	3.07909520853	73.1055822649	8.37769546642	2.81178116954	4709.48886834	67.8338290178
0.515	3.07895590454	73.1046310165	8.37763145131	2.8121011899	4711.072025	67.8490648948
0.516	3.07892379352	73.1043178242	8.37761037355	2.81209461958	4711.07200757	67.8490647273
0.517	3.07912856247	73.1065704638	8.37776196231	2.81213014797	4711.07249578	67.8490694189
0.518	3.07902681842	73.1043788901	8.37761448331	2.81210878082	4711.07202726	67.8490649165
0.519	3.07898897275	73.1057756503	8.3777084798	2.81210000575	4711.07201566	67.8490648051
0.52	3.07900327713	73.1061964076	8.37773679278	2.81210880505	4711.07246242	67.8490690982
0.521	3.07853700485	73.1017408009	8.37743691782	2.81205770231	4711.07196773	67.8490643445
0.522	3.07844330593	73.1012072243	8.37740099848	2.81204565296	4711.0719666	67.8490643337
0.523	3.07851221656	73.1022136467	8.37746874742	2.81205256962	4711.07197671	67.8490644307
0.524	3.07810464512	73.0948057813	8.37696993032	2.81201573859	4711.07189486	67.8490636442
0.525	3.07804234321	73.094164804	8.37692675362	2.81200557672	4711.07185178	67.8490632303
0.526	3.07811115052	73.0954667336	8.37701444992	2.81201308917	4711.07188279	67.8490635282
0.527	3.07808732177	73.094768811	8.37696744004	2.81200523755	4711.07183928	67.8490631101
0.528	3.07780785884	73.0890948028	8.3765851461	2.81201787799	4711.07236052	67.8490681191
0.529	3.07776419365	73.0885451263	8.37654810044	2.81165326947	4709.48869203	67.8338273186
0.53	3.0777280756	73.0879367433	8.37650709608	2.8119938524	4711.07186796	67.8490633857
0.531	3.07770906561	73.0874483784	8.37647417916	2.81164366553	4709.48876995	67.8338280695
0.532	3.07765765533	73.0880309983	8.37651344892	2.81199404632	4711.0724281	67.8490687685
0.533	3.07788615257	73.1066421385	8.37776678507	2.81199193877	4711.07241606	67.8490686528
0.534	3.07787730602	73.1067217119	8.37777213927	2.81197217266	4711.0718318	67.8490630383
0.535	3.07777086048	73.1057223767	8.37770489491	2.81194571406	4711.07176533	67.8490623995
0.536	3.07764411294	73.1042093751	8.37760307481	2.81193837952	4711.07218796	67.8490664608
0.537	3.07762592838	73.1049425602	8.37765241753	2.81190772259	4711.07166613	67.8490614463
0.538	3.0777805773	73.1063374088	8.37774628058	2.81192075619	4711.07164197	67.849061214
0.539	3.07784662424	73.1058766983	8.37771527947	2.81194348449	4711.07171211	67.8490618881
0.54	3.07777188913	73.1054405178	8.37768592778	2.81161952885	4709.48903999	67.8338306721
0.541	3.07775070429	73.1054969504	8.37768972533	2.81194393442	4711.07179102	67.8490626464
0.542	3.07773064561	73.1052554497	8.37767347373	2.81193992855	4711.07175166	67.8490622682
0.543	3.07787511691	73.112444808	8.37815712409	2.81195232734	4711.07180072	67.8490627396
0.544	3.0777866146	73.111804248	8.37811404441	2.81162344741	4709.4891187	67.8338314308
0.545	3.0777980233	73.1124971516	8.37816064425	2.81160570908	4709.48863688	67.833826787
0.546	3.07766120633	73.1121409435	8.37813668855	2.81190242582	4711.07170493	67.8490618191
0.547	3.07764289405	73.1121682333	8.37813852387	2.81190193347	4711.07170629	67.8490618322
0.548	3.07768875755	73.11249746	8.37816066499	2.81190946579	4711.07214008	67.8490660007
0.549	3.07768809286	73.1156572991	8.37837313663	2.81190499074	4711.07214321	67.8490660308
0.55	3.07777475082	73.1175237772	8.3784986125	2.81187957	4711.07163226	67.8490611207
0.551	3.07782684527	73.1186869337	8.37857679616	2.81188107122	4711.07163744	67.8490611705
0.552	3.0777250945	73.1178216019	8.37851863211	2.8118938073	4711.07210464	67.8490656601
0.553	3.07766927848	73.1180796225	8.37853597567	2.81153534086	4709.48847477	67.8338252247
0.554	3.07755487605	73.1170313817	8.37846551277	2.81151741711	4709.48845461	67.8338250304
0.555	3.07752654155	73.1156195055	8.3783705957	2.81185568532	4711.07161028	67.8490609096
0.556	3.0775256986	73.1155826361	8.37836811689	2.81188474839	4711.07214434	67.8490660416
0.557	3.07741656838	73.1117663036	8.37811149245	2.81187157011	4711.07166859	67.8490614699
0.558	3.07748370876	73.1125591006	8.37816481036	2.81188659444	4711.07172813	67.8490620421
0.559	3.07834196915	73.139190366	8.37995362479	2.87291354714	4848.06812478	69.0312482038
0.56	3.07844777989	73.1409426879	8.38007117721	2.87293336872	4848.06861126	69.0312520132
0.561	3.07865358996	73.1436600598	8.38025343222	2.87294530992	4848.06819137	69.0312487252
0.562	3.07857536429	73.1425269235	8.38017743782	2.87259572929	4846.48499761	69.0188394734
0.563	3.07858459742	73.1433937563	8.38023557313	2.87259251225	4846.4850014	69.0188395031
0.564	3.07863093617	73.1448817547	8.38033535718	2.87293754285	4848.06856737	69.0312516695
0.565	3.078525471	73.1443098959	8.38029701034	2.8729298165	4848.06855721	69.0312515899
0.566	3.0783795034	73.1435266674	8.38024448659	2.87290467105	4848.0680714	69.0312477858
0.567	3.07826830725	73.1418847669	8.3801343678	2.8728918694	4848.06805373	69.0312476474
0.568	3.07792289492	73.1309104668	8.37939792662	2.87287212837	4848.0684329	69.0312506165
0.569	3.07779936539	73.1295893476	8.3793092225	2.87283788203	4848.06793505	69.0312467181
0.57	3.07775552442	73.1292288467	8.37928501549	2.87283590293	4848.0679463	69.0312468062
0.571	3.07778021437	73.1294087188	8.37929709369	2.87285162113	4848.06799864	69.0312472161
0.572	3.07780201536	73.1298307371	8.37932543094	2.87253240995	4846.48529173	69.0188417809
0.573	3.07777128753	73.1295677745	8.37930777392	2.87285073832	4848.06799719	69.0312472047
0.574	3.07794431512	73.1334008412	8.3795651095	2.88025596579	4856.07597743	69.0936487675
0.575	3.0790993625	73.1632719848	8.38156749157	2.94590973241	4975.20255239	69.959327502
0.576	3.07896977047	73.162229932	8.38149772898	2.94591820508	4975.20304683	69.9593308824
0.577	3.07884489619	73.1614753502	8.38144720773	2.94588172366	4975.2025249	69.959327314
0.578	3.07912103489	73.1678984234	8.38187714032	2.95813892584	4997.11825203	70.1076564254
0.579	3.0791015361	73.1675964436	8.38185693265	2.95813798597	4997.11825175	70.1076564236
0.58	3.07915237708	73.1684695255	8.38191535544	2.95816877767	4997.11876842	70.1076598857
0.581	3.07922136056	73.171372439	8.38210957276	2.95782365053	4995.53558803	70.0970436253
0.582	3.07946488917	73.1744925781	8.38231826716	2.95814331827	4997.1182201	70.1076562115
0.583	3.07948490408	73.1747864133	8.38233791769	2.95815905224	4997.11828146	70.1076566227
0.584	3.07952127571	73.1759120621	8.38241319183	2.95818488564	4997.11880073	70.1076601023
0.585	3.07947575803	73.1747225779	8.38233364868	2.9581537402	4997.1182452	70.1076563797
0.586	3.07966909744	73.1775314574	8.38252147041	2.95816893702	4997.11829449	70.10765671
0.587	3.0797080957	73.1764907295	8.38245188541	2.95816113423	4997.11824293	70.1076563645
0.588	3.07972771553	73.1767910123	8.38247196354	2.95819274629	4997.11878324	70.1076599851
0.589	3.07980068886	73.177482942	8.38251822672	2.95817357245	4997.11825927	70.107656474
0.59	3.07973139309	73.1772238393	8.38250090317	2.95783261961	4995.53497737	70.0970395275
0.591	3.07972369792	73.1766054896	8.3824595588	2.95817487166	4997.11814808	70.1076557289
0.592	3.07975067314	73.1770228441	8.38248746439	2.95820388461	4997.11865975	70.1076591575
0.593	3.07970896513	73.1737563792	8.38226903082	2.95815923748	4997.11803231	70.1076549531
0.594	3.07991647654	73.1788222529	8.38260776639	2.96950255155	5015.92163376	70.232609536
0.595	3.07988713487	73.1787189801	8.38260086246	2.96950899535	5015.92167957	70.2326098379
0.596	3.07991012494	73.1785662989	8.38259065541	2.96953195988	5015.92217424	70.232613098
0.597	3.0799702752	73.1797375118	8.38266894988	2.9695300255	5015.92216253	70.2326130209
0.598	3.07986159793	73.1784774836	8.38258471785	2.96950369946	5015.92166901	70.2326097683
0.599	3.0798585059	73.1779504762	8.38254948495	2.96915941423	5014.33845476	70.222168374
0.6	3.07997538698	73.1804741343	8.38271818821	2.96953647355	5015.92218263	70.2326131533
0.601	3.07997072643	73.1791699095	8.38263100723	2.9695079369	5015.92166408	70.2326097358
0.602	3.07988517591	73.177549115	8.38252265097	2.9695006436	5015.92163107	70.2326095183
0.603	3.07993628971	73.1781683791	8.38256405298	2.96951102326	5015.92167784	70.2326098265
0.604	3.07992793335	73.1780672421	8.38255729144	2.9691965027	5014.33901063	70.2221720425
0.605	3.07995888751	73.1797408074	8.38266917018	2.9695088446	5015.9216827	70.2326098586
0.606	3.08007631682	73.1829551498	8.38288400378	2.96917565637	5014.33851908	70.2221687985
0.607	3.08007794648	73.1833440782	8.38290999399	2.96953382829	5015.92206911	70.2326124052
0.608	3.08016404232	73.1844635981	8.38298480107	2.96923243706	5014.3394359	70.2221748492
0.609	3.08014571697	73.1841788506	8.38296577476	2.96921072235	5014.33893446	70.2221715399
0.61	3.08018001123	73.1847272841	8.38300241966	2.96955459264	5015.92212727	70.2326127885
0.611	3.08006363279	73.1832656581	8.38290475362	2.96954908344	5015.92212599	70.2326127801
0.612	3.08007375537	73.1831952104	8.38290004598	2.96956504421	5015.92258978	70.2326158366
0.613	3.08001511092	73.1826663531	8.3828647043	2.96955704484	5015.92258263	70.2326157896
0.614	3.08002501637	73.1837387217	8.38293636519	2.96953420577	5015.92208511	70.2326125106
0.615	3.07991163738	73.1829106228	8.38288102819	2.96950510683	5015.92201671	70.2326120598
0.616	3.07990108905	73.1832344605	8.38290266885	2.96953377126	5015.92256427	70.2326156685
0.617	3.07990140975	73.184163351	8.38296473909	2.96916456133	5014.338845	70.2221709495
0.618	3.07986939819	73.1840760335	8.38295890459	2.96951060301	5015.92207274	70.2326124291
0.619	3.07952363554	73.1791407925	8.38262906079	2.96945962285	5015.92194043	70.2326115571
0.62	3.07949514403	73.1788600298	8.38261029181	2.96947880414	5015.92242351	70.2326147409
0.621	3.07938514056	73.1780797072	8.3825581248	2.96944403961	5015.92191942	70.2326114186
0.622	3.07919014738	73.1749830641	8.38235106862	2.96943652173	5015.92192039	70.232611425
0.623	3.07941133692	73.1805402074	8.38272260459	2.96944488921	5015.92192795	70.2326114749
0.624	3.07938481282	73.1804490686	8.38271651278	2.9694559142	5015.92238719	70.2326145015
0.625	3.07945933655	73.1832968232	8.38290683621	2.96943302049	5015.92191892	70.2326114154
0.626	3.07942082914	73.1829195972	8.38288162792	2.96942676555	5015.92191166	70.2326113675
0.627	3.07958496386	73.1856498362	8.38306405815	2.98110357799	5035.42005807	70.3600440717
0.628	3.07929460682	73.1494058585	8.38063865817	2.98143481219	5037.00321607	70.3702987304
0.629	3.07922314315	73.1476366476	8.38052006297	2.98143915518	5037.0036469	70.3703015191
0.63	3.07922441364	73.1481992474	8.38055777766	2.98142607893	5037.00319555	70.3702985975
0.631	3.07917875304	73.1478421195	8.3805338373	2.98142586527	5037.00320836	70.3702986804
0.632	3.0791236682	73.1469966091	8.38047715474	2.98142391641	5037.00320709	70.3702986722
0.633	3.07937983128	73.1530262146	8.3808812821	2.98146335171	5037.00333087	70.3702994735
0.634	3.07945519374	73.153965542	8.38094421973	2.9814694001	5037.00334557	70.3702995686
0.635	3.07955142243	73.1557486407	8.38106367787	2.98989278394	5046.62912256	70.4323583461
0.636	3.07950877021	73.1542459004	8.38096300352	2.99021805916	5048.21226164	70.4425177705
0.637	3.07939263766	73.1494165115	8.38063937221	2.99021292617	5048.21225734	70.4425177429
0.638	3.07950479187	73.1507504578	8.38072877784	2.99021747831	5048.21225544	70.4425177307
0.639	3.07945697937	73.15025729	8.3806957253	2.99021696025	5048.21225961	70.4425177574
0.64	3.0794131339	73.1501134601	8.38068608542	2.9902096779	5048.21225363	70.4425177191
0.641	3.07940955958	73.1502999749	8.38069858614	2.99023036335	5048.21275615	70.4425209418
0.642	3.07939876243	73.1499725153	8.38067663878	2.99022352461	5048.21271087	70.4425206514
0.643	3.07934065142	73.1493129413	8.38063243013	2.99019874027	5048.21223964	70.4425176293
0.644	3.07924520375	73.1485789607	8.38058323122	2.989852027	5046.62906542	70.4323579791
0.645	3.07931894361	73.1500249385	8.38068015239	2.99021632806	5048.21274323	70.4425208589
0.646	3.07928516427	73.1513057343	8.38076599121	2.9901914707	5048.21224273	70.4425176492
0.647	3.07927576571	73.1516366925	8.38078817039	2.99018502292	5048.21221635	70.44251748
0.648	3.07927832807	73.1516869188	8.38079153625	2.99019564009	5048.21226838	70.4425178137
0.649	3.079250571	73.151063018	8.38074972514	2.99021785693	5048.21275599	70.4425209408
0.65	3.07921463241	73.1510187486	8.38074675831	2.99017532714	5048.21220114	70.4425173825
0.651	3.07958506771	73.1945580472	8.38365898164	2.99018327167	5048.21217851	70.4425172373
0.652	3.07946720423	73.191396126	8.38344787089	2.99017937923	5048.21216962	70.4425171803
0.653	3.07945434495	73.1917253291	8.38346985344	2.99019787336	5048.21266103	70.4425203318
0.654	3.07953142282	73.192209355	8.38350217312	2.99018618322	5048.21218149	70.4425172564
0.655	3.07955712396	73.1923018657	8.38350835014	2.99018893881	5048.21218251	70.442517263
0.656	3.07943054069	73.1918786118	8.38348008868	2.9901785924	5048.21218367	70.4425172704
0.657	3.07952653243	73.1927216474	8.3835363787	2.98987142909	5046.62951981	70.432360897
0.658	3.0794757628	73.1926152612	8.38352927546	2.99020060366	5048.21267403	70.4425204151
0.659	3.07937748429	73.1916167165	8.3834626009	2.99015437625	5048.2121194	70.4425168583
0.66	3.07948494311	73.1956105496	8.38372924046	2.9901523038	5048.2120977	70.4425167191
0.661	3.07946730717	73.1956046444	8.38372884628	2.9901725012	5048.21259951	70.4425199373
0.662	3.07946671024	73.1955304172	8.38372389153	2.9898090863	5046.62891697	70.4323570259
0.663	3.07946250694	73.1953951922	8.38371486502	2.99015410558	5048.21210258	70.4425167504
0.664	3.07946923956	73.195306787	8.38370896375	2.99014485511	5048.21209096	70.4425166758
0.665	3.07960331775	73.1979743267	8.38388700818	2.98983293675	5046.62941857	70.4323602469
0.666	3.0796253722	73.1986272364	8.38393058008	2.99014773468	5048.21208644	70.4425166469
0.667	3.07966462575	73.1991941691	8.38396841224	2.99015381942	5048.21209405	70.4425166957
0.668	3.07966888007	73.19946032	8.38398617218	2.99017389547	5048.21259336	70.4425198978
0.669	3.07960144057	73.1993515364	8.38397891322	2.99016627008	5048.2125864	70.4425198532
0.67	3.07973997337	73.2035862702	8.38426143822	2.99015380922	5048.212098	70.442516721
0.671	3.07976160219	73.2039070019	8.38428283186	2.99015100223	5048.21209653	70.4425167116
0.672	3.07984477212	73.2059551831	8.38441943646	2.99015226508	5048.21210294	70.4425167527
0.673	3.07993871453	73.2098942194	8.38468208278	2.99018046275	5048.21260081	70.4425199456
0.674	3.07997153745	73.2110758925	8.38476085621	2.99017931611	5048.21260666	70.4425199831
0.675	3.08022889697	73.2287437928	8.38593765998	2.99015995698	5048.21210058	70.4425167375
0.676	3.08024658858	73.229776506	8.38600638878	2.99018400891	5048.21260913	70.4425199989
0.677	3.08024283493	73.2297883526	8.38600717715	2.99018204321	5048.21261014	70.4425200054
0.678	3.08023956611	73.2299404145	8.38601729658	2.99016081619	5048.21210994	70.4425167976
0.679	3.0801439863	73.2270302969	8.38582361009	2.99015421991	5048.21210205	70.442516747
0.68	3.08022327008	73.227869411	8.3858794635	2.98982755776	5046.62895546	70.432357273
0.681	3.08012232842	73.2266598063	8.38579894805	2.99017831046	5048.2125883	70.4425198653
0.682	3.08012314838	73.2266993142	8.38580157797	2.9901535097	5048.21209263	70.4425166866
0.683	3.08013104307	73.2265490863	8.38579157772	2.98980181865	5046.62876425	70.4323560452
0.684	3.08014860315	73.2268918259	8.38581439274	2.99016376521	5048.2124348	70.4425188809
0.685	3.08010562937	73.2265702972	8.38579298967	2.99015936797	5048.21242391	70.4425188111
0.686	3.08003405435	73.2241252911	8.38563021401	2.99013803654	5048.21194541	70.4425157424
0.687	3.08001629608	73.2237149478	8.38560289205	2.99013438596	5048.21193412	70.4425156701
0.688	3.07997767569	73.223964132	8.38561948364	2.9901171333	5048.2118874	70.4425153704
0.689	3.08033631347	73.2336327483	8.3862629726	2.99014929274	5048.212394	70.4425186193
0.69	3.08035507945	73.2338965401	8.38628052137	2.99014594266	5048.21238117	70.442518537
0.691	3.08035438355	73.2338695654	8.3862787269	2.99012466895	5048.21189198	70.4425153998
0.692	3.0803254333	73.2332043394	8.38623447176	2.99013924598	5048.21236222	70.4425184155
0.693	3.0802548421	73.232169291	8.38616560846	2.99013283338	5048.21235522	70.4425183706
0.694	3.08024198918	73.2319663153	8.38615210345	2.99011101917	5048.21184732	70.4425151134
0.695	3.08016637382	73.2316737775	8.38613263898	2.99009962684	5048.21184688	70.4425151106
0.696	3.08028754358	73.2333398133	8.38624348457	2.99010734743	5048.21185875	70.4425151867
0.697	3.08030770051	73.2337700764	8.38627210841	2.99013768915	5048.21239348	70.442518616
0.698	3.08560551317	77.570385005	8.63395486385	2.98994319223	5046.6335211	70.432386591
0.699	3.08573518735	77.5742830492	8.6341498877	2.9902981155	5048.21676105	70.4425466255
0.7	3.0856930537	77.5739473897	8.63413309575	2.99031495798	5048.21725485	70.4425497923
