1	6.3	-87.881412	30.498001	14.6	NaN
2	6.6	-87.881412	30.498001	4.3	9.65
3	6.9	-87.881412	30.498001	4.7	5.8
4	7.2	-87.881412	30.498001	7.3	6.35
5	7.5	-87.881412	30.498001	8	9.2
6	7.8	-87.881412	30.498001	11.1	8.9
7	8.1	-87.881412	30.498001	9.8	6.85
8	8.4	-87.881412	30.498001	2.6	7.5
9	8.7	-87.881412	30.498001	5.2	5.4
10	9.3	-87.881412	30.498001	11	6.06666666667
11	9.6	-87.881412	30.498001	6.5	10.25
12	9.9	-87.881412	30.498001	9.5	6.95
13	10.2	-87.881412	30.498001	7.4	10.75
14	10.5	-87.881412	30.498001	12	6
15	10.8	-87.881412	30.498001	4.6	10
16	11.1	-87.881412	30.498001	8	7
17	11.4	-87.881412	30.498001	9.4	7.5
18	11.7	-87.881412	30.498001	7	7.55
19	12	-87.881412	30.498001	5.7	9.06666666667
20	12.6	-87.881412	30.498001	13.2	9.23333333333
21	12.9	-87.881412	30.498001	11	12.8
22	13.2	-87.881412	30.498001	12.4	8.05
23	13.5	-87.881412	30.498001	5.1	10.2
24	13.8	-87.881412	30.498001	8	4.55
25	14.1	-87.881412	30.498001	4	6.1
26	14.4	-87.881412	30.498001	4.2	7.5
27	14.7	-87.881412	30.498001	11	5.25
28	15	-87.881412	30.498001	6.3	11.8
29	15.3	-87.881412	30.498001	12.6	9.75
30	15.6	-87.881412	30.498001	13.2	11.1
31	15.9	-87.881412	30.498001	9.6	10.85
32	16.2	-87.881412	30.498001	8.5	10.7333333333
33	16.8	-87.881412	30.498001	13	12.1666666667
34	17.1	-87.881412	30.498001	14	15
35	17.4	-87.881412	30.498001	17	11.65
36	17.7	-87.881412	30.498001	9.3	15.7
37	18	-87.881412	30.498001	14.4	13.25
38	18.3	-87.881412	30.498001	17.2	10.15
39	18.6	-87.881412	30.498001	5.9	15.65
40	18.9	-87.881412	30.498001	14.1	9.5
41	19.2	-87.881412	30.498001	13.1	12.55
42	19.5	-87.881412	30.498001	11	11.15
43	19.8	-87.881412	30.498001	9.2	11.35
44	20.1	-87.881412	30.498001	11.7	8.6
45	20.7	-87.881412	30.498001	7.4	8.63333333333
46	21	-87.881412	30.498001	7.1	11.05
47	21.3	-87.881412	30.498001	14.7	9.65
48	21.6	-87.881412	30.498001	12.2	10.35
49	21.9	-87.881412	30.498001	6	10.6
50	22.2	-87.881412	30.498001	9	8.9
51	22.5	-87.881412	30.498001	11.8	6.5
52	22.8	-87.881412	30.498001	4	8
53	23.1	-87.881412	30.498001	4.2	6.2
54	23.4	-87.881412	30.498001	8.4	9.2
55	23.7	-87.881412	30.498001	14.2	12.6
56	24	-87.881412	30.498001	16.8	11.7
57	24.6	-87.881412	30.498001	6.7	9.53333333333
58	24.9	-87.881412	30.498001	5.9	9.85
59	25.2	-87.881412	30.498001	13	5.05
60	25.5	-87.881412	30.498001	4.2	12.4
61	28.8	-87.881412	30.498001	5.8	7.775
62	29.1	-87.881412	30.498001	8.1	5.6
63	29.4	-87.881412	30.498001	5.4	7.45
64	29.7	-87.881412	30.498001	6.8	4.9
65	30.3	-87.881412	30.498001	3.9	9.86666666667
66	30.6	-87.881412	30.498001	11.4	7.15
67	30.9	-87.881412	30.498001	10.4	7.85
68	31.2	-87.881412	30.498001	4.3	10.4
69	31.5	-87.881412	30.498001	10.4	13
70	31.8	-87.881412	30.498001	21.7	9.9
71	32.1	-87.881412	30.498001	9.4	17
72	32.4	-87.881412	30.498001	12.3	8.8
73	32.7	-87.881412	30.498001	8.2	9.25
74	33	-87.881412	30.498001	6.2	8.25
75	33.3	-87.881412	30.498001	8.3	NaN
76	34.5	-87.881412	30.498001	3.6	NaN
77	34.8	-87.881412	30.498001	3.5	NaN
78	35.1	-87.881412	30.498001	3.6	NaN
79	35.4	-87.881412	30.498001	26.9	NaN
80	35.7	-87.881412	30.498001	7.6	NaN
81	36	-87.881412	30.498001	8.3	NaN
82	36.3	-87.881412	30.498001	9.8	NaN
83	0	-85.802182	33.281261	4.9	NaN
84	0.3	-85.802182	33.281261	4.2	3.7
85	0.6	-85.802182	33.281261	2.5	4.65
86	0.9	-85.802182	33.281261	5.1	4.75
87	1.2	-85.802182	33.281261	7	8.45
88	1.5	-85.802182	33.281261	11.8	6.6
89	1.8	-85.802182	33.281261	6.2	13.7
90	2.1	-85.802182	33.281261	15.6	10.85
91	2.4	-85.802182	33.281261	15.5	13.0333333333
92	3	-85.802182	33.281261	7.9	7.16666666667
93	3.3	-85.802182	33.281261	3	7.7
94	3.6	-85.802182	33.281261	7.5	17.8
95	3.9	-85.802182	33.281261	32.6	6
96	4.2	-85.802182	33.281261	4.5	21.3
97	4.5	-85.802182	33.281261	10	6.8
98	4.8	-85.802182	33.281261	9.1	9.9
99	5.1	-85.802182	33.281261	9.8	9.5
100	5.4	-85.802182	33.281261	9.9	7.6
101	5.7	-85.802182	33.281261	5.4	8.4
102	6	-85.802182	33.281261	6.9	11
103	6.3	-85.802182	33.281261	16.6	8.35
104	6.6	-85.802182	33.281261	9.8	13.05
105	6.9	-85.802182	33.281261	9.5	8.7
106	7.2	-85.802182	33.281261	7.6	8.25
107	7.5	-85.802182	33.281261	7	6.9
108	7.8	-85.802182	33.281261	6.2	9.55
109	8.1	-85.802182	33.281261	12.1	5.1
110	8.4	-85.802182	33.281261	4	8.4
111	8.7	-85.802182	33.281261	4.7	3.45
112	9	-85.802182	33.281261	2.9	6.15
113	9.3	-85.802182	33.281261	7.6	3.85
114	9.6	-85.802182	33.281261	4.8	8.85
115	9.9	-85.802182	33.281261	10.1	4.5
116	10.2	-85.802182	33.281261	4.2	10.1
117	10.5	-85.802182	33.281261	10.1	5.9
118	10.8	-85.802182	33.281261	7.6	9.15
119	11.1	-85.802182	33.281261	8.2	6.35
120	11.4	-85.802182	33.281261	5.1	8
121	11.7	-85.802182	33.281261	7.8	6.8
122	12	-85.802182	33.281261	8.5	5.8
123	12.3	-85.802182	33.281261	3.8	8.75
124	12.6	-85.802182	33.281261	9	4.55
125	12.9	-85.802182	33.281261	5.3	9.5
126	13.2	-85.802182	33.281261	10	5
127	13.5	-85.802182	33.281261	4.7	8.2
128	13.8	-85.802182	33.281261	6.4	5.4
129	14.1	-85.802182	33.281261	6.1	7.35
130	15	-85.802182	33.281261	10.2	14.2
131	15.3	-85.802182	33.281261	16.9	13.25
132	15.6	-85.802182	33.281261	16.3	18.8
133	15.9	-85.802182	33.281261	20.7	13.15
134	16.2	-85.802182	33.281261	10	15.65
135	16.5	-85.802182	33.281261	10.6	12.85
136	16.8	-85.802182	33.281261	15.7	12.05
137	17.1	-85.802182	33.281261	13.5	17.85
138	17.4	-85.802182	33.281261	20	21.6
139	17.7	-85.802182	33.281261	29.7	14.95
140	18	-85.802182	33.281261	9.9	18.75
141	18.3	-85.802182	33.281261	7.8	10.9
142	18.6	-85.802182	33.281261	11.9	13.25
143	18.9	-85.802182	33.281261	18.7	12.15
144	19.2	-85.802182	33.281261	12.4	16.7
145	19.5	-85.802182	33.281261	14.7	9.7
146	19.8	-85.802182	33.281261	7	13.7
147	20.1	-85.802182	33.281261	12.7	9.3
148	20.4	-85.802182	33.281261	11.6	12.1
149	20.7	-85.802182	33.281261	11.5	9.3
150	21	-85.802182	33.281261	7	10.35
151	21.3	-85.802182	33.281261	9.2	9
152	21.6	-85.802182	33.281261	11	13.2
153	21.9	-85.802182	33.281261	17.2	10.1
154	22.2	-85.802182	33.281261	9.2	17.7
155	22.5	-85.802182	33.281261	18.2	6.95
156	22.8	-85.802182	33.281261	4.7	11.6
157	23.1	-85.802182	33.281261	5	6.2
158	23.4	-85.802182	33.281261	7.7	7.3
159	23.7	-85.802182	33.281261	9.6	9.45
160	24	-85.802182	33.281261	11.2	11.4
161	24.3	-85.802182	33.281261	13.2	11.3
162	24.6	-85.802182	33.281261	11.4	13.45
163	24.9	-85.802182	33.281261	13.7	11.55
164	25.2	-85.802182	33.281261	11.7	16.55
165	25.5	-85.802182	33.281261	19.4	9.25
166	25.8	-85.802182	33.281261	6.8	12.9
167	26.1	-85.802182	33.281261	6.4	6.1
168	26.4	-85.802182	33.281261	5.4	5.05
169	26.7	-85.802182	33.281261	3.7	8.4
170	27	-85.802182	33.281261	11.4	6.15
171	27.3	-85.802182	33.281261	8.6	9.3
172	27.6	-85.802182	33.281261	7.2	6.4
173	27.9	-85.802182	33.281261	4.2	5.3
174	28.2	-85.802182	33.281261	3.4	6.25
175	28.5	-85.802182	33.281261	8.3	4.2
176	28.8	-85.802182	33.281261	5	7.7
177	29.1	-85.802182	33.281261	7.1	6.35
178	29.4	-85.802182	33.281261	7.7	5.5
179	29.7	-85.802182	33.281261	3.9	6.45
180	30	-85.802182	33.281261	5.2	3.7
181	30.3	-85.802182	33.281261	3.5	7.2
182	30.6	-85.802182	33.281261	9.2	4.9
183	30.9	-85.802182	33.281261	6.3	10.2
184	31.2	-85.802182	33.281261	11.2	6.25
185	31.5	-85.802182	33.281261	6.2	12.45
186	31.8	-85.802182	33.281261	13.7	6.75
187	32.1	-85.802182	33.281261	7.3	11.85
188	32.4	-85.802182	33.281261	10	6.9
189	32.7	-85.802182	33.281261	6.5	6.95
190	33	-85.802182	33.281261	3.9	7.25
191	33.3	-85.802182	33.281261	8	4.7
192	33.6	-85.802182	33.281261	5.5	8.35
193	33.9	-85.802182	33.281261	8.7	5.25
194	34.2	-85.802182	33.281261	5	7.1
195	34.5	-85.802182	33.281261	5.5	5.6
196	34.8	-85.802182	33.281261	6.2	4.1
197	35.1	-85.802182	33.281261	2.7	8.45
198	35.4	-85.802182	33.281261	10.7	5.6
199	35.7	-85.802182	33.281261	8.5	7.8
200	36	-85.802182	33.281261	4.9	8.6
201	36.3	-85.802182	33.281261	8.7	NaN
202	0	-87.650556	34.760556	5.2	NaN
203	0.3	-87.650556	34.760556	6.7	4.5
204	0.6	-87.650556	34.760556	3.8	9.8
205	0.9	-87.650556	34.760556	12.9	6.65
206	1.2	-87.650556	34.760556	9.5	9.45
207	1.5	-87.650556	34.760556	6	8.4
208	1.8	-87.650556	34.760556	7.3	9.8
209	2.1	-87.650556	34.760556	13.6	11.65
210	2.4	-87.650556	34.760556	16	10.35
211	2.7	-87.650556	34.760556	7.1	11.1
212	3	-87.650556	34.760556	6.2	5.9
213	3.3	-87.650556	34.760556	4.7	8.3
214	3.6	-87.650556	34.760556	10.4	5.06666666667
215	4.2	-87.650556	34.760556	5.8	10.3333333333
216	4.5	-87.650556	34.760556	10.3	6.85
217	4.8	-87.650556	34.760556	7.9	10
218	5.7	-87.650556	34.760556	9.1	6.85
219	6	-87.650556	34.760556	6.5	11.9
220	6.3	-87.650556	34.760556	14.7	8.05
221	6.6	-87.650556	34.760556	9.6	10.05
222	6.9	-87.650556	34.760556	5.4	8.45
223	7.2	-87.650556	34.760556	7.3	8.4
224	7.5	-87.650556	34.760556	11.4	6.1
225	7.8	-87.650556	34.760556	4.9	14.5
226	8.1	-87.650556	34.760556	17.6	4.85
227	8.4	-87.650556	34.760556	4.8	10.85
228	8.7	-87.650556	34.760556	4.1	8.1
229	9	-87.650556	34.760556	11.4	17.975
230	9.1	-87.650556	34.760556	22.6	12.25
231	9.2	-87.650556	34.760556	13.1	19.25
232	9.3	-87.650556	34.760556	15.9	14.6
233	9.4	-87.650556	34.760556	16.1	12.3
234	9.5	-87.650556	34.760556	8.7	13.05
235	9.6	-87.650556	34.760556	10	13.5
236	9.7	-87.650556	34.760556	18.3	15.1
237	9.8	-87.650556	34.760556	20.2	26.15
238	9.9	-87.650556	34.760556	34	21.6
239	10	-87.650556	34.760556	23	28.5
240	10.1	-87.650556	34.760556	23	22
241	10.2	-87.650556	34.760556	21	16.1
242	10.3	-87.650556	34.760556	9.2	21.35
243	10.4	-87.650556	34.760556	21.7	17
244	10.5	-87.650556	34.760556	24.8	20.1
245	10.6	-87.650556	34.760556	18.5	20.8
246	10.7	-87.650556	34.760556	16.8	30.05
247	10.8	-87.650556	34.760556	41.6	12.5
248	10.9	-87.650556	34.760556	8.2	25.25
249	11	-87.650556	34.760556	8.9	11.65
250	11.1	-87.650556	34.760556	15.1	11.5
251	11.2	-87.650556	34.760556	14.1	16.8
252	11.3	-87.650556	34.760556	18.5	18.5
253	11.4	-87.650556	34.760556	22.9	19
254	11.5	-87.650556	34.760556	19.5	18.05
255	11.6	-87.650556	34.760556	13.2	19.5
256	11.7	-87.650556	34.760556	19.5	17.95
257	11.8	-87.650556	34.760556	22.7	17.8
258	11.9	-87.650556	34.760556	16.1	19.05
259	12	-87.650556	34.760556	15.4	12.05
260	12.1	-87.650556	34.760556	8	10.85
261	12.2	-87.650556	34.760556	6.3	8.15
262	12.3	-87.650556	34.760556	8.3	9
